x,y
2149,2265
2153,2265
2159,2313
2163,2421
2165,2421
2166,2399
2168,2399
2191,2476
2193,2478
2198,2496
2200,2498
2221,2561
2223,2563
2224,2569
2232,2586
2233,2592
2235,2594
2236,2600
2238,2602
2239,2608
2244,2618
2247,2630
2252,2640
2254,2649
2256,2651
2260,2666
2262,2668
2266,2686
2276,2713
2276,2717
2286,2743
2302,2808
2311,2836
2323,2887
2326,2893
2327,2901
2329,2904
2329,2908
2331,2911
2331,2915
2334,2921
2335,2929
2337,2932
2337,2936
2339,2939
2339,2943
2341,2946
2341,2950
2351,2981
2354,3001
2357,3054
2357,3092
2353,3175
2354,3198
2363,3247
2370,3269
2372,3281
2374,3284
2379,3309
2383,3318
2383,3322
2386,3328
2392,3352
2395,3375
2397,3430
2405,3472
2410,3487
2413,3487
2411,3470
2411,3468
2413,3468
2423,3488
2423,3491
2428,3499
2428,3502
2431,3506
2438,3526
2445,3538
2445,3541
2449,3549
2451,3550
2454,3558
2458,3562
2466,3578
2468,3579
2472,3588
2474,3589
2480,3601
2482,3602
2484,3608
2486,3609
2491,3620
2493,3621
2498,3633
2500,3634
2502,3640
2504,3641
2506,3647
2508,3648
2516,3664
2516,3667
2521,3675
2521,3678
2525,3684
2533,3707
2535,3709
2540,3729
2546,3745
2546,3749
2561,3793
2572,3838
2576,3847
2593,3925
2597,3935
2614,4003
2617,4009
2617,4013
2620,4019
2620,4023
2622,4026
2622,4030
2632,4061
2637,4088
2639,4091
2644,4113
2649,4124
2652,4136
2654,4138
2655,4144
2658,4148
2665,4168
2675,4188
2675,4191
2682,4205
2684,4213
2689,4219
2689,4221
2694,4225
2694,4227
2701,4234
2707,4237
2711,4242
2713,4242
2720,4249
2720,4251
2732,4262
2732,4264
2737,4268
2738,4271
2745,4275
2768,4283
2770,4285
2780,4287
2786,4290
2786,4292
2776,4302
2770,4314
2764,4315
2753,4320
2739,4331
2739,4333
2732,4341
2728,4351
2726,4352
2723,4360
2721,4361
2719,4367
2716,4369
2715,4372
2709,4372
2703,4375
2703,4377
2696,4377
2712,4357
2712,4355
2709,4355
2705,4359
2705,4361
2697,4368
2697,4370
2695,4370
2686,4380
2684,4380
2682,4384
2678,4386
2675,4385
2674,4387
2670,4386
2670,4388
2665,4387
2664,4389
2657,4388
2653,4390
2629,4390
2627,4392
2619,4391
2619,4393
2617,4392
2613,4395
2609,4395
2609,4397
2605,4396
2605,4398
2595,4397
2595,4399
2585,4399
2584,4377
2579,4355
2577,4354
2572,4344
2562,4313
2550,4290
2547,4272
2544,4268
2544,4265
2539,4255
2537,4254
2528,4234
2526,4233
2520,4219
2518,4218
2516,4212
2514,4211
2513,4207
2511,4206
2511,4204
2509,4203
2509,4201
2507,4200
2506,4196
2501,4191
2499,4186
2489,4175
2489,4173
2477,4161
2477,4159
2474,4157
2470,4149
2466,4146
2466,4144
2463,4142
2463,4140
2460,4138
2460,4136
2457,4134
2454,4128
2443,4116
2441,4111
2438,4109
2436,4104
2433,4102
2433,4100
2430,4098
2428,4093
2425,4091
2425,4089
2419,4082
2392,4029
2386,4010
2375,3989
2375,3986
2373,3984
2373,3981
2371,3979
2363,3956
2353,3936
2351,3935
2349,3929
2341,3919
2340,3913
2333,3909
2314,3888
2309,3878
2307,3877
2305,3870
2302,3868
2300,3862
2288,3847
2287,3843
2281,3836
2280,3832
2278,3831
2269,3813
2267,3812
2264,3804
2261,3801
2261,3798
2256,3790
2256,3787
2253,3783
2246,3762
2244,3760
2239,3745
2238,3737
2236,3734
2222,3674
2217,3635
2210,3605
2203,3561
2200,3553
2200,3548
2197,3542
2195,3529
2189,3516
2185,3500
2181,3491
2181,3487
2172,3462
2166,3436
2164,3413
2152,3391
2152,3388
2146,3376
2128,3319
2126,3317
2124,3308
2122,3306
2117,3289
2112,3279
2102,3247
2100,3245
2096,3232
2089,3220
2089,3217
2079,3199
2079,3196
2058,3154
2056,3153
2052,3143
2050,3142
2038,3116
2036,3115
2033,3107
2031,3106
2025,3094
2020,3089
2020,3087
2012,3077
2011,3073
2009,3072
2009,3070
2007,3069
2007,3067
2005,3066
2005,3064
2003,3063
1995,3049
1992,3047
1990,3042
1987,3040
1985,3035
1982,3033
1982,3031
1972,3018
1971,3014
1964,3005
1957,2991
1948,2979
1939,2961
1937,2960
1934,2952
1932,2951
1923,2933
1923,2930
1905,2896
1898,2875
1898,2871
1893,2859
1893,2855
1890,2849
1883,2817
1876,2800
1864,2741
1857,2727
1851,2707
1841,2685
1842,2683
1854,2681
1859,2677
1863,2676
1865,2673
1867,2673
1877,2664
1877,2662
1882,2657
1884,2651
1886,2650
1890,2642
1890,2639
1893,2635
1893,2632
1895,2630
1895,2627
1897,2625
1897,2622
1900,2618
1900,2615
1903,2611
1903,2608
1907,2602
1911,2589
1913,2587
1927,2545
1929,2543
1933,2529
1935,2527
1942,2506
1944,2504
1945,2498
1947,2496
1948,2490
1950,2488
1951,2482
1953,2480
1957,2465
1959,2463
1970,2430
1972,2428
1983,2390
1989,2381
1992,2363
1999,2356
1999,2354
2006,2348
2006,2346
2012,2341
2012,2339
2017,2335
2017,2333
2022,2329
2022,2327
2026,2324
2026,2322
2030,2319
2034,2312
2038,2309
2038,2307
2045,2299
2045,2296
2042,2296
2042,2298
2037,2302
2037,2304
2030,2310
2030,2312
2023,2318
2023,2320
2016,2326
2016,2328
2010,2333
2010,2335
1997,2348
2000,2336
2009,2319
2014,2304
2030,2300
2034,2297
2040,2296
2050,2291
2054,2291
2056,2289
2072,2286
2075,2284
2094,2280
2103,2276
2111,2275
2118,2272
2124,2272
2128,2270
2134,2270
